3380106.00700000	533866.095000000	10.1280000000000	3.70278745806489	3.59118531667340
3380104.65300000	533858.613000000	9.90700000000000	3.72643183409459	3.56260511527026
3380104.33100000	533856.628000000	9.84500000000000	3.69609383551292	3.59170198433521
3380103.95700000	533854.601000000	9.70000000000000	3.70957888343250	3.57692404032611
3380103.60200000	533852.633000000	9.66200000000000	3.71465977591420	3.57052192562312
3380103.23100000	533850.598000000	9.58100000000000	3.72376667177820	3.56003779230878
3380102.90800000	533848.690000000	9.53500000000000	3.70785835935360	3.57470871869183
3380102.52800000	533846.682000000	9.51600000000000	3.73056825351842	3.55068173912156
3380102.19800000	533844.732000000	9.48200000000000	3.71420531357509	3.56577120077568
3380101.83500000	533842.734000000	9.47700000000000	3.72192253631225	3.55673758881822
3380101.49900000	533840.772000000	9.44300000000000	3.70936016286798	3.56801630854010
3380101.13300000	533838.784000000	9.45700000000000	3.72180206246955	3.55430918994640
3380100.77900000	533836.787000000	9.47000000000000	3.72082423515578	3.55394622826861
3380100.42000000	533834.774000000	9.41100000000000	3.72199876766277	3.55149100627067
3380100.06500000	533832.835000000	9.52100000000000	3.73231578384196	3.54020175716454
3380099.68800000	533830.866000000	9.54400000000000	3.75873946825399	3.51215612737307
3380099.35900000	533828.849000000	9.54600000000000	3.72966189909726	3.53992061259000
3380098.97100000	533826.844000000	9.50700000000000	3.76077676264231	3.50749840069401
3380098.65200000	533824.901000000	9.49600000000000	3.73487264260506	3.53225075823172
3380098.29500000	533822.900000000	9.45600000000000	3.73609397997026	3.52960240340605
3380097.94800000	533820.962000000	9.43700000000000	3.73868975181226	3.52599882327898
3380097.55500000	533818.927000000	9.54400000000000	3.76949055309359	3.49389413341557
3380097.19000000	533816.903000000	9.60200000000000	3.77449730354047	3.48727913782334
3380096.86500000	533815	9.53400000000000	3.76146499238120	3.49912474965775
3380096.52500000	533813.060000000	9.51900000000000	3.75665910136852	3.50260278342519
3380096.16800000	533811.043000000	9.52000000000000	3.75515190346390	3.50279529230496
3380095.83100000	533809.112000000	9.50300000000000	3.74900888455731	3.50768802834461
3380095.47700000	533807.094000000	9.51400000000000	3.74436316700525	3.51100259518333
3380095.13600000	533805.161000000	9.50800000000000	3.74195587376408	3.51242872284320
3380094.81100000	533803.135000000	9.36700000000000	3.70722488097485	3.54558112764490
3380094.44600000	533801.204000000	9.43500000000000	3.72868204213736	3.52295521140531
3380094.09400000	533799.229000000	9.38800000000000	3.72954135290072	3.52067791705239
3380093.74200000	533797.248000000	9.38600000000000	3.72940944664738	3.51951460056101
3380093.38700000	533795.254000000	9.39300000000000	3.72996343941737	3.51767557420032
3380093.03700000	533793.327000000	9.42000000000000	3.73731960629622	3.50907315590601
3380092.68100000	533791.344000000	9.39800000000000	3.74082962617619	3.50437775665804
3380092.31000000	533789.375000000	9.51900000000000	3.76144130100444	3.48233699776351
3380091.97200000	533787.321000000	9.43100000000000	3.73489388738022	3.50780780344856
3380091.63300000	533785.359000000	9.41800000000000	3.72514893134295	3.51601694697551
3380091.27900000	533783.371000000	9.41400000000000	3.72575204558434	3.51410257984268
3380090.93300000	533781.430000000	9.45200000000000	3.72671528006153	3.51187595093199
3380090.57700000	533779.447000000	9.46100000000000	3.73016949242813	3.50711782270582
3380090.22300000	533777.430000000	9.46800000000000	3.72570713517718	3.51026276680132
3380089.87100000	533775.459000000	9.47300000000000	3.72732622968713	3.50735610320296
3380089.53400000	533773.532000000	9.46300000000000	3.72187862301227	3.51154769989144
3380089.17700000	533771.522000000	9.46200000000000	3.72159042334194	3.51051772826689
3380088.82500000	533769.542000000	9.50200000000000	3.72165293400281	3.50919139048519
3380088.47300000	533767.486000000	9.46000000000000	3.70840113433058	3.52111143144290
3380088.12000000	533765.489000000	9.44500000000000	3.70643561773965	3.52174051237505
3380087.76700000	533763.468000000	9.44000000000000	3.70028303155764	3.52656522152517
3380087.42100000	533761.530000000	9.45700000000000	3.70176683487546	3.52381201170283
3380087.07700000	533759.584000000	9.44700000000000	3.69994164222836	3.52446571300917
3380086.75400000	533757.652000000	9.42100000000000	3.67983835230974	3.54331889483185
3380086.39700000	533755.624000000	9.37800000000000	3.67634758785228	3.54538307016327
3380086.04400000	533753.612000000	9.41200000000000	3.67176820458312	3.54863814292761
3380085.68300000	533751.598000000	9.43500000000000	3.67472764437042	3.54437785780363
3380085.32900000	533749.631000000	9.44300000000000	3.67901559911988	3.53880477656922
3380084.96500000	533747.602000000	9.45100000000000	3.68229982549916	3.53418846057287
3380084.62900000	533745.644000000	9.42400000000000	3.67043223938874	3.54476580399776
3380084.27200000	533743.694000000	9.43600000000000	3.68065432126210	3.53328417839954
3380083.92900000	533741.747000000	9.45200000000000	3.67760939453094	3.53505115631754
3380083.56000000	533739.721000000	9.45500000000000	3.68636884408491	3.52502989882071
3380083.20600000	533737.777000000	9.49200000000000	3.69466136866404	3.51542244049856
3380082.86000000	533735.842000000	9.48300000000000	3.69666000684286	3.51212798477026
3380082.51200000	533733.872000000	9.45900000000000	3.69452045418406	3.51299459926743
3380082.14100000	533731.837000000	9.48100000000000	3.70363927332373	3.50253020809744
3380081.81100000	533729.930000000	9.47900000000000	3.69479984962955	3.51012545296403
3380081.45900000	533727.977000000	9.52000000000000	3.69958144860153	3.50408811197162
3380081.12400000	533726	9.51100000000000	3.68342894600668	3.51898037973119
3380080.78200000	533724.074000000	9.50400000000000	3.68306903711569	3.51806686072331
3380080.44700000	533722.110000000	9.43800000000000	3.66919086851315	3.53069212518122
3380080.08800000	533720.061000000	9.53500000000000	3.66412018985916	3.53455470291584
3380079.77200000	533718.134000000	9.50400000000000	3.63793112151443	3.55936908112410
3380079.41200000	533716.143000000	9.57500000000000	3.64390276575527	3.55206972683625
3380079.03900000	533714.155000000	9.62200000000000	3.65270710445015	3.54189523740059
3380078.67500000	533712.182000000	9.67400000000000	3.65353130236719	3.53971676577505
3380078.32900000	533710.224000000	9.66900000000000	3.65677949880421	3.53523504394347
3380077.96100000	533708.258000000	9.65400000000000	3.66475156578777	3.52640172103369
3380077.59700000	533706.263000000	9.50100000000000	3.70542842800480	3.48796151840768
3380077.23800000	533704.285000000	9.43800000000000	3.72583818273141	3.47913344683053
3380076.89800000	533702.361000000	9.43800000000000	3.73715946125374	3.47986326372446
3380076.53700000	533700.409000000	9.39800000000000	3.76439753518156	3.46477594847469
3380076.19600000	533698.470000000	9.35400000000000	3.77395930060497	3.46715746246409
3380075.87000000	533696.515000000	9.27100000000000	3.76620582005001	3.48706320203046
3380075.52400000	533694.546000000	9.21800000000000	3.77593075247321	3.49000827346598
3380075.22500000	533692.547000000	9.17700000000000	3.73413717638629	3.54414800750633
3380074.88700000	533690.642000000	9.12100000000000	3.74663431687464	3.54319675062451
3380074.53500000	533688.683000000	9.14100000000000	3.76376662413603	3.53890436339088
3380074.19800000	533686.713000000	9.08900000000000	3.76431976695070	3.55595000813238
3380073.91500000	533685.132000000	9.11100000000000	3.77723283354813	3.55722819532317